3
1 5 0
7 6 4
2 3 8

1 7 0 9
3 13 4 8
5 11 2 15
12 14 10 6

46


13 2 10 3
1 12 8 4
5 0 9 6
15 14 11 7

41


9 8 13 2
0 3 7 4
14 10 1 12
5 6 11 15

43


14 9 1 8
7 13 6 2
5 10 12 0
15 4 3 11

49 (Hardest)


0 1 3 4
10 2 9 15
13 12 8 6
7 14 11 5

34


1 3 11 14 
9 10 15 4 
0 5 12 8 
6 13 2 7


44


11  5   2   3
1   0   10  4
6   13  8   12
14  9   15  7

30


5 8 12 1
13 11 2 0
9 14 7 3
15 4 10 6

(Kaaj Korei Na)


6 13 7 10
8 9 11 0
15 2 12 5
14 3 1 4



6 5 3 4
1 14 11 12
15 10 8 2
7 13 9 0

42


2 3 4 5
6 7 8 9 
10 11 12 13
0 1 14 15


43


0 1 3
4 2 5
7 8 6

